255 255 255 255 255 255 255 255 255 255 255 255 255 255 255 255
255 255 255 255 255 255 255 255 255 255 255 255 255 255 255 255
255 255 255 255 255 255 255 255 119 255 255 255 255 255 255 255
255 255 255 255 255 255 255  96  31 253 255 255 255 255 255 255
255 255 255 255 255 255 255 145  36 255 255 255 255 255 255 255
255 255 142 121  51  47  52  47  43  34  40  37  92 183 255 255
255 255 142  81 140  35 154  55  45 133  38 125  55  85 255 255
255  48  48 147 120   4 133  41  31  21   8  65  97  34  34 255
255  55  60 109  64  66 122  22  24  68  45  32  61  36  35 255
255  51  49  60  35  47  46  19  18  26  26  28  34  31  29 255
255  71  69  62  25   7  21  30  30   4   7  22  42  45  46 255
255 104  88  70  54  32  47  35  33  40   3  46  55  66  83 255
255 255  80  71  57  51  61  53  52  53  47  50  60  64 255 255
255 255 255 253  87  40  39  48  40  25  21  98 244 255 255 255
255 255 255 255 255 255 255 255 255 255 255 255 255 255 255 255
255 255 255 255 255 255 255 255 255 255 255 255 255 255 255 255
255 255 255 255 255 255 255 255 255 255 255 255 255 255 255 255
255 255 255 255 255 255 255 255 255 255 255 255 255 255 255 255
255 255 255 255 255 255 255 255 185 255 255 255 255 255 255 255
255 255 255 255 255 255 255 170 110 255 255 255 255 255 255 255
255 255 255 255 255 255 255 200 110 255 255 255 255 255 255 255
255 255 187 179 151 147 150 148 139 122 137 124 144 206 255 255
255 255 195 165 194 120 204 145 135 180 123 178 125 138 255 255
255 149 150 199 182   7 140 130 121  75  13 135 152 111 108 255
255 154 157 177 144 160 182 116 113 131 116 113 125 110 109 255
255 150 148 148 122 147 132 107 103 103 104 103 105 107 106 255
255 157 155 147 110   9  32 111 102   7  10  95 108 113 112 255
255 168 161 148 124  35  50  38  37  41   5 105 116 124 131 255
255 255 145 143 125 108 131 116 110 112  95 104 112 107 255 255
255 255 255 255 120  75  74  98  83  35  30 117 254 255 255 255
255 255 255 255 255 255 255 255 255 255 255 255 255 255 255 255
255 255 255 255 255 255 255 255 255 255 255 255 255 255 255 255
255 255 255 255 255 255 255 255 255 255 255 255 255 255 255 255
255 255 255 255 255 255 255 255 255 255 255 255 255 255 255 255
255 255 255 255 255 255 255 255 255 255 255 255 255 255 255 255
255 255 255 255 255 255 255 251 254 255 255 255 255 255 255 255
255 255 255 255 255 255 255 255 255 255 255 255 255 255 255 255
255 255 255 254 253 254 253 254 253 253 254 255 254 251 255 255
255 255 255 253 252 254 254 255 253 255 253 255 255 251 255 255
255 253 254 255 255  19 157 255 254 223  36 253 252 255 253 255
255 254 255 255 255 253 255 255 254 253 255 255 254 255 255 255
255 255 254 254 255 255 253 254 255 255 254 254 254 253 255 255
255 254 254 253 252  16 117 253 253  15  16 253 255 255 254 255
255 255 254 255 254  54  61  51  46  50  40 255 254 253 253 255
255 255 253 254 255 255 254 254 255 255 255 255 255 254 255 255
255 255 255 255 255 254 255 254 254 224 216 254 255 255 255 255
255 255 255 255 255 255 255 255 255 255 255 255 255 255 255 255
255 255 255 255 255 255 255 255 255 255 255 255 255 255 255 255

255 255 255 255 255 255 255 255 255 255 255 255 255 255 255 255
255 255 255 255 255 255 255  34  35  29  46  83 255 255 255 255
255 255 255 255 255 183  85  34  36  31  45  66  64 255 255 255
255 255 255 255 255  92  55  97  61  34  42  55  60 244 255 255
255 255 255 255 255  37 125  65  32  28  22  46  50  98 255 255
255 255 255 255 255  40  38   8  45  26   7   3  47  21 255 255
255 255 255 253 255  34 133  21  68  26   4  40  53  25 255 255
255 255 119  31  36  43  45  31  24  18  30  33  52  40 255 255
255 255 255  96 145  47  55  41  22  19  30  35  53  48 255 255
255 255 255 255 255  52 154 133 122  46  21  47  61  39 255 255
255 255 255 255 255  47  35   4  66  47   7  32  51  40 255 255
255 255 255 255 255  51 140 120  64  35  25  54  57  87 255 255
255 255 255 255 255 121  81 147 109  60  62  70  71 253 255 255
255 255 255 255 255 142 142  48  60  49  69  88  80 255 255 255
255 255 255 255 255 255 255  48  55  51  71 104 255 255 255 255
255 255 255 255 255 255 255 255 255 255 255 255 255 255 255 255
255 255 255 255 255 255 255 255 255 255 255 255 255 255 255 255
255 255 255 255 255 255 255 108 109 106 112 131 255 255 255 255
255 255 255 255 255 206 138 111 110 107 113 124 107 255 255 255
255 255 255 255 255 144 125 152 125 105 108 116 112 254 255 255
255 255 255 255 255 124 178 135 113 103  95 105 104 117 255 255
255 255 255 255 255 137 123  13 116 104  10   5  95  30 255 255
255 255 255 255 255 122 180  75 131 103   7  41 112  35 255 255
255 255 185 110 110 139 135 121 113 103 102  37 110  83 255 255
255 255 255 170 200 148 145 130 116 107 111  38 116  98 255 255
255 255 255 255 255 150 204 140 182 132  32  50 131  74 255 255
255 255 255 255 255 147 120   7 160 147   9  35 108  75 255 255
255 255 255 255 255 151 194 182 144 122 110 124 125 120 255 255
255 255 255 255 255 179 165 199 177 148 147 148 143 255 255 255
255 255 255 255 255 187 195 150 157 148 155 161 145 255 255 255
255 255 255 255 255 255 255 149 154 150 157 168 255 255 255 255
255 255 255 255 255 255 255 255 255 255 255 255 255 255 255 255
255 255 255 255 255 255 255 255 255 255 255 255 255 255 255 255
255 255 255 255 255 255 255 253 255 255 254 253 255 255 255 255
255 255 255 255 255 251 251 255 255 253 255 253 254 255 255 255
255 255 255 255 255 254 255 252 254 254 255 254 255 255 255 255
255 255 255 255 255 255 255 253 255 254 253 255 255 254 255 255
255 255 255 255 255 254 253  36 255 254  16  40 255 216 255 255
255 255 255 255 255 253 255 223 253 255  15  50 255 224 255 255
255 255 255 254 255 253 253 254 254 255 253  46 255 254 255 255
255 255 255 251 255 254 255 255 255 254 253  51 254 254 255 255
255 255 255 255 255 253 254 157 255 253 117  61 254 255 255 255
255 255 255 255 255 254 254  19 253 255  16  54 255 254 255 255
255 255 255 255 255 253 252 255 255 255 252 254 255 255 255 255
255 255 255 255 255 254 253 255 255 254 253 255 254 255 255 255
255 255 255 255 255 255 255 254 255 254 254 254 253 255 255 255
255 255 255 255 255 255 255 253 254 255 254 255 255 255 255 255
255 255 255 255 255 255 255 255 255 255 255 255 255 255 255 255

255 255 255 255 255 255 255 255 255 255 255 255 255 255 255 255
255 255 255 255 255 255 255 255 255 255 255 255 255 255 255 255
255 255 254 202 141 113 109 104 108 114 117 146 203 253 255 255
255 237  89  59  48  48  52  50  52  59  53  56  73 102 241 255
253 111  65  53  43  26  33  29  29  34  22  51  68  88 130 253
225  54  42  38  16  13  17  10  12  28  15  21  58  65  79 234
205  39  28  34  16  24  27  16  19  49  35  24  56  47  59 218
214  40  33  69  34  44  63  18  21 105  58  62 106  53  59 222
246  57  39 102  66  33  85  31  42 130  35 100 137  56  72 246
255 168  68  64 102  44 107  49  55 141  58 128  94  94 183 255
255 252 140  56  42  40  41  42  48  57  47  56  73 150 252 255
255 255 254 238 219 215 208  44 101 196 224 230 244 255 255 255
255 255 255 255 255 254 164  45 129 253 255 255 255 255 255 255
255 255 255 255 255 255 183 171 253 255 255 255 255 255 255 255
255 255 255 255 255 255 255 255 255 255 255 255 255 255 255 255
255 255 255 255 255 255 255 255 255 255 255 255 255 255 255 255
255 255 255 255 255 255 255 255 255 255 255 255 255 255 255 255
255 255 255 255 255 255 255 255 255 255 255 255 255 255 255 255
255 255 254 213 161 136 136 141 147 150 150 176 219 254 255 255
255 241 127 111 102 102 110 109 114 129 115 122 142 157 245 255
253 152 122 113 100  57  41  32  32  40  46 119 145 159 181 254
234 117 110 105  51  31  52  61  65  78  33  65 144 153 159 243
221 111 104 105  79  94 101 100 106 133 121  97 142 146 152 235
228 111 108 131 112 112 128  89  98 170 137 140 174 150 153 237
249 122 112 155 134  77 131 119 131 167  73 163 193 153 159 250
255 197 129 131 162 111 162 135 144 195 131 186 171 169 215 255
255 253 177 123 126 135 125 136 146 151 145 151 156 197 253 255
255 255 254 243 231 230 225 116 170 220 237 240 248 255 255 255
255 255 255 255 255 254 187 119 184 254 255 255 255 255 255 255
255 255 255 255 255 255 212 208 254 255 255 255 255 255 255 255
255 255 255 255 255 255 255 255 255 255 255 255 255 255 255 255
255 255 255 255 255 255 255 255 255 255 255 255 255 255 255 255
255 255 255 255 255 255 255 255 255 255 255 255 255 255 255 255
255 255 255 255 255 255 255 255 255 255 255 255 255 255 255 255
255 255 254 252 251 250 249 251 252 252 252 252 253 255 255 255
255 254 252 252 253 253 253 253 253 253 253 253 252 252 253 255
254 252 252 253 250 149  65  46  48  65 114 250 253 252 252 254
254 252 252 252 137  85 147 172 184 181  71 147 252 252 252 254
254 252 253 251 227 251 252 251 250 251 251 238 251 252 252 254
254 252 252 251 252 251 251 214 232 251 251 251 251 252 252 254
254 251 251 250 248 174 219 252 252 217 156 248 251 252 251 254
255 252 251 251 251 231 250 252 251 251 238 251 251 251 252 255
255 254 251 251 252 252 252 252 252 251 252 251 252 252 254 255
255 255 254 254 254 254 253 252 251 252 254 254 254 255 255 255
255 255 255 255 255 255 253 251 251 254 255 255 255 255 255 255
255 255 255 255 255 255 252 252 254 255 255 255 255 255 255 255
255 255 255 255 255 255 255 255 255 255 255 255 255 255 255 255
255 255 255 255 255 255 255 255 255 255 255 255 255 255 255 255

255 255 255 255 254 233 216 220 246 255 255 255 255 255 255 255
255 255 255 239 129  80  60  60  73 179 253 255 255 255 255 255
255 255 253 102  88  66  47  54  57  94 148 255 255 255 255 255
255 255 202  72  68  58  57 108 139  95  73 244 255 255 255 255
255 255 146  56  51  20  24  60  98 128  56 231 255 255 255 255
255 255 118  53  22  17  37  60  37  59  47 225 255 255 255 255
255 255 115  59  35  28  49 104 130 141  57 193 254 255 255 255
255 255 108  52  29  13  19  21  42  55  48 100 129 253 255 255
255 255 105  51  30  10  17  19  31  50  43  44  43 169 255 255
255 255 110  52  33  17  28  65  87 108  42 209 170 187 255 255
255 255 114  48  26  13  24  44  32  44  40 216 255 255 255 255
255 255 142  48  44  17  16  36  68 104  43 219 255 255 255 255
255 255 204  60  54  38  34  69 100  64  57 239 255 255 255 255
255 255 255  90  66  42  29  33  39  70 143 255 255 255 255 255
255 255 255 239 114  54  40  40  57 173 253 255 255 255 255 255
255 255 255 255 253 227 209 218 247 255 255 255 255 255 255 255
255 255 255 255 254 243 234 236 250 255 255 255 255 255 255 255
255 255 255 245 181 160 152 154 160 214 254 255 255 255 255 255
255 255 254 158 160 153 146 151 153 169 196 255 255 255 255 255
255 255 218 142 145 144 142 176 195 173 156 248 255 255 255 255
255 255 176 123 119  63  98 139 162 186 152 240 255 255 255 255
255 255 150 116  46  35 123 139  75 131 145 237 255 255 255 255
255 255 150 129  41  78 133 169 168 195 151 219 254 255 255 255
255 255 147 115  33  66 106  96 131 144 146 169 184 254 255 255
255 255 142 109  32  61 101  92 119 135 137 116 117 207 255 255
255 255 136 110  40  51 102 130 132 163 125 226 192 215 255 255
255 255 136 102  57  30  94 112  77 112 135 230 255 255 255 255
255 255 162 103 101  53  79 113 136 163 127 232 255 255 255 255
255 255 215 111 113 106 105 131 154 131 124 244 255 255 255 255
255 255 255 128 122 111 105 108 112 130 179 255 255 255 255 255
255 255 255 244 153 118 111 112 122 200 254 255 255 255 255 255
255 255 255 255 254 236 224 230 249 255 255 255 255 255 255 255
255 255 255 255 255 254 254 254 254 255 255 255 255 255 255 255
255 255 255 254 252 252 253 253 252 253 255 255 255 255 255 255
255 255 255 252 252 252 253 252 252 251 252 255 255 255 255 255
255 255 253 253 253 253 251 251 251 251 252 255 255 255 255 255
255 255 253 253 251 142 239 251 248 251 252 254 255 255 255 255
255 255 253 253 114  75 251 252 156 238 252 254 255 255 255 255
255 255 252 253  65 182 251 251 219 251 252 253 255 255 255 255
255 255 252 253  49 186 250 228 252 252 252 251 251 255 255 255
255 255 252 253  45 170 251 219 253 252 252 252 252 252 255 255
255 255 249 253  64 145 252 251 218 250 252 253 253 253 255 255
255 255 250 253 148  82 251 252 174 233 252 254 255 255 255 255
255 255 252 253 250 142 227 252 249 251 252 254 255 255 255 255
255 255 253 253 253 253 251 251 251 251 252 254 255 255 255 255
255 255 255 252 253 252 253 253 252 251 252 255 255 255 255 255
255 255 255 254 252 252 253 253 252 253 255 255 255 255 255 255
255 255 255 255 255 254 254 254 254 255 255 255 255 255 255 255
